685.8857185866364
786.1972906271835
391.7696900561599
1008.218244421249
444.6409463825453
1292.321435820958
699.8050220533119
1351.8996660061991
702.6713157294811
866.6341268728535
381.5443172375918
1391.8025513694736
943.1622184461568
504.12695279150546
1226.5106207646177
1241.675287168513
1583.0582769434823
1025.0713545619233
1308.6066182975815
1320.9810003582365
1122.8537432217497
1241.044925463947
918.2231549081106
979.397618650727
592.7050816663495
785.8719232231213
1504.440629903247
1009.8933038586279
490.08071582322816
389.0584149943764
929.3504541979705
1062.2789270263434
1635.37400792686
560.6072137931194
924.2101904724107
1579.3434952474938
1306.1750272661532
1133.6273087872771
347.3271764953289
1670.2870428913259
535.8006741677312
418.9936720309288
1433.444948245803
569.9742990038436
475.90938494650953
865.6016642723074
547.7227868458853
641.556385430252
351.35819810669204
1548.3709668493368
885.3907271039056
1557.6638860823277
1614.0883489032308
1693.6049910272893
695.1690649368595
1663.789888410006
1689.6914969206541
516.3996133088992
560.421181768422
859.37506814561
1499.3672185162013
1239.5746728632403
1248.979022049598
1100.0066660320276
988.8845790674262
1429.8318078033838
1172.133252121239
1560.3195979756786
1223.1012760226554
560.2189327737425
1532.1345007075367
1089.4672945067155
404.02188025332975
937.1025080635422
1182.585206471972
1653.7036435637006
485.36626716777374
1581.823079697823
1227.7040047472444
742.8232887695826
1362.4918661455408
1033.4423723719578
1445.363322152639
335.0746531673574
591.8263939863767
1085.5939148928242
1397.8413238431742
1172.3300124901766
1281.8029741093205
663.7491841694484
1537.9875994963502
473.18211484152914
1260.7679504731566
1121.736158950297
1636.284192788751
602.6317751092245
1231.1878026214804
472.4059367152254
621.0694592638897
1628.9499235720978
463.8793886635418
1257.1150670414806
1486.4693769905732
824.0238628144326
334.1195509105611
1567.468416385257
1374.3707794377635
415.5540809984734
908.3324201124227
981.6159854404796
962.3743114269552
1647.656490704823
1019.5094161692758
840.276144187147
924.5151342994675
1488.123947630116
1211.3052966934076
1578.628883124228
771.0738774880435
1148.0798481718284
1110.9635822630871
661.9985948505216
1005.6708839998164
965.9962691069244
927.1769187169477
912.0177052235333
533.8972208993673
449.56951201721995
1652.3822350506055
882.7890230567317
860.5259184858674
723.7844950094791
1333.695839413812
967.7578166629443
305.6166678745836
877.1598378751091
621.2654369718033
1161.7111736836082
1288.2500271626673
793.0988642371998
1283.3409100206038
1301.230606302985
495.20393213891464
583.7962375078786
1240.1355759014868
1605.6498714435063
423.9699153033438
1491.8250947639042
649.010641727182
1248.077979856582
506.24349912782554
1273.3404783420394
1259.8273761251294
1502.284046828263
335.454057236967
1606.7372534172243
1438.41087851616
699.1863268857344
573.1165203322996
863.0868101437015
1166.7936332196064
892.5706759711425
1661.9845776187972
1664.6227216957038
513.9720573583959
1402.31310488056
460.5848420407252
826.732328193713
730.4005486261563
425.56362375462345
460.03784691381105
1429.817969020535
1659.4635538495095
1263.9768968612598
718.6429193206434
928.8079049824288
1691.8455886360073
1331.5762600119822
413.2282012069504
1213.3768060827829
1312.1063536460997
804.7234228201614
643.9078174025806
523.2032381420768
1206.3578646119163
612.522504872368
1359.583260304937
602.4352702142086
715.6815099176297
752.0554283968927
1417.4801598272004
635.542674200293
936.023144462693
1427.1272069623492
1649.158871764371
353.465543231482
479.7071662856125
952.8352738277723
1418.0845829165855
1017.2392702827844
1230.117658809369
1582.4991592461167
521.1592184422811
745.8707534749722
1017.0825708779665
895.1776930088876
1012.0085918427152
1536.0827944741911
1665.8875398211726
1113.512782420326
1467.1459233003948
1485.6293670021662
1024.674093869024
1391.3686908636164
941.02469730124
1005.6226414050817
1637.2932826453618
343.48764910136924
1016.0890031257525
1322.2905569183254
830.7904466457419
1032.9143075973557
332.6471398415118
975.5261819889374
1604.7554949181203
611.1215919150688
1377.7396708304175
497.9839513650825
726.2395369636201
1263.5867522351073
645.6316103615702
1474.8175518600467
868.79906913391
1119.8211258609572
459.95691233834486
550.1088339768417
740.9159562611178
659.8819229350946
1640.4422414713872
1237.621366311193
583.8512357337556
1218.9667982607325
1347.295570709418
1056.3503371588904
493.2406863776966
892.9651109192572
1581.3562591090943
1087.9456167272933
1685.0743479547625
1122.672652244075
407.92284933624387
1477.842133582795
1152.190559822231
831.6861927008165
1106.1805688865697
786.9412943825405
1571.8075075095599
662.1962696674525
1519.9056054496564
1552.6307514309035
1200.7931171892592
1177.6578730653034
532.2119960617017
1416.1567548227792
303.08580445178404
1523.7453965349348
771.6842414206917
1466.3212101705697
818.7883666707565
1344.7916231133952
837.8071941419623
1645.534823413257
352.98220083278864
585.2083296636667
1184.1963151447044
1557.4955881173048
1255.102279108004
719.6888998554746
451.31686594260043
982.4551195184717
931.8492415305907
1263.0219750721085
499.07977324898513
837.2308376822249
1148.2638982501987
523.700081074325
832.7098587564352
1576.993846437026
1652.747157445614
641.2509053612898
806.2597521584458
1002.9867048550472
1091.9460515358844
392.398044170973
1657.92253509313
1005.6354506753588
1666.3726842712701
1554.366696118766
861.3529443542806
1502.634455766389
449.6266707610288
663.9930855264361
1439.3666282064696
1652.009285381223
955.4051231547071
643.8818061850462
384.4939705119443
781.8793308130439
360.91350765475136
871.7275476070482
897.9126759776976
993.5892785516254
1300.592630988102
1029.8783931935657
365.4590692937237
1422.47049846553
1005.2357218617738
1264.37463586498
1601.1561840678469
1292.0398349877048
628.0046929675884
977.3664323652308
504.4603591238609
535.3577795297092
1650.3412495544674
486.9867646051741
1119.3972225076982
849.1559320072881
371.8895313038922
685.6048130469827
811.1919787902618
555.0746610229912
806.0577322476049
1697.6294214522743
782.9573289123013
601.7568620807607
1137.4180570694066
1082.5751134432924
1581.2770935942465
767.2406813141645
896.0886580564539
441.10972169472006
1693.2250168626394
430.6419279070169
606.8412920951014
1035.9088242708076
956.446116141186
808.7619708058278
375.9468649757482
851.5241537385734
1095.8227028157582
845.679249177043
394.23961945411526
1674.7344600458416
1205.1565121996268
604.6679566734125
1476.6233370147702
1377.4169779755919
1443.842780720895
344.55198954862783
797.3653811187078
1690.7537317312344
1381.3836693306182
1039.0089053925149
1017.7235318334942
